57 6670 1.330000000000000071e+00
26 4514 2.000000000000000000e+00
20 2837 3.000000000000000000e+00
8 2982 3.669999999999999929e+00
0 5455 2.000000000000000000e+00
21 2602 2.330000000000000071e+00
48 587 3.000000000000000000e+00
15 6665 3.330000000000000071e+00
41 2298 1.669999999999999929e+00
2 3331 2.330000000000000071e+00
13 4762 3.330000000000000071e+00
7 4277 3.669999999999999929e+00
18 2752 2.330000000000000071e+00
26 1283 2.000000000000000000e+00
22 2284 3.000000000000000000e+00
38 5992 3.330000000000000071e+00
7 4126 2.669999999999999929e+00
57 1806 2.330000000000000071e+00
7 2796 2.000000000000000000e+00
2 3265 2.000000000000000000e+00
34 3911 3.000000000000000000e+00
8 4906 2.330000000000000071e+00
9 1591 4.000000000000000000e+00
34 822 3.000000000000000000e+00
29 5341 3.000000000000000000e+00
41 363 1.000000000000000000e+00
11 300 3.669999999999999929e+00
13 6705 2.669999999999999929e+00
9 1504 3.669999999999999929e+00
40 1865 2.330000000000000071e+00
